[
    [
        603,
        [
            "POLYGON ((-3.3525 40.504166667, -3.351666667 40.504166667, -3.351666667 40.503333333, -3.3525 40.503333333, -3.3525 40.504166667))",
            "POLYGON ((-3.351666667 40.503333333, -3.350833333 40.503333333, -3.350833333 40.5025, -3.351666667 40.5025, -3.351666667 40.503333333))",
            "POLYGON ((-3.341666667 40.5025, -3.340833333 40.5025, -3.340833333 40.501666667, -3.341666667 40.501666667, -3.341666667 40.5025))"
        ]
    ],
    [
        601,
        [
            "POLYGON ((-3.351666667 40.504166667, -3.350833333 40.504166667, -3.350833333 40.503333333, -3.351666667 40.503333333, -3.351666667 40.504166667))",
            "POLYGON ((-3.348333333 40.504166667, -3.3475 40.504166667, -3.3475 40.503333333, -3.348333333 40.503333333, -3.348333333 40.504166667))",
            "POLYGON ((-3.346666667 40.503333333, -3.345833333 40.503333333, -3.345833333 40.5025, -3.346666667 40.5025, -3.346666667 40.503333333))",
            "POLYGON ((-3.345833333 40.503333333, -3.345 40.503333333, -3.345 40.5025, -3.345833333 40.5025, -3.345833333 40.503333333))",
            "POLYGON ((-3.3525 40.501666667, -3.351666667 40.501666667, -3.351666667 40.500833333, -3.3525 40.500833333, -3.3525 40.501666667))",
            "POLYGON ((-3.345833333 40.5, -3.345 40.5, -3.345 40.499166667, -3.345833333 40.499166667, -3.345833333 40.5))"
        ]
    ],
    [
        598,
        [
            "POLYGON ((-3.350833333 40.504166667, -3.35 40.504166667, -3.35 40.503333333, -3.350833333 40.503333333, -3.350833333 40.504166667))",
            "POLYGON ((-3.35 40.504166667, -3.349166667 40.504166667, -3.349166667 40.503333333, -3.35 40.503333333, -3.35 40.504166667))",
            "POLYGON ((-3.345833333 40.504166667, -3.345 40.504166667, -3.345 40.503333333, -3.345833333 40.503333333, -3.345833333 40.504166667))",
            "POLYGON ((-3.348333333 40.503333333, -3.3475 40.503333333, -3.3475 40.5025, -3.348333333 40.5025, -3.348333333 40.503333333))",
            "POLYGON ((-3.346666667 40.5025, -3.345833333 40.5025, -3.345833333 40.501666667, -3.346666667 40.501666667, -3.346666667 40.5025))",
            "POLYGON ((-3.345833333 40.501666667, -3.345 40.501666667, -3.345 40.500833333, -3.345833333 40.500833333, -3.345833333 40.501666667))"
        ]
    ],
    [
        599,
        [
            "POLYGON ((-3.349166667 40.504166667, -3.348333333 40.504166667, -3.348333333 40.503333333, -3.349166667 40.503333333, -3.349166667 40.504166667))",
            "POLYGON ((-3.3475 40.504166667, -3.346666667 40.504166667, -3.346666667 40.503333333, -3.3475 40.503333333, -3.3475 40.504166667))",
            "POLYGON ((-3.346666667 40.504166667, -3.345833333 40.504166667, -3.345833333 40.503333333, -3.346666667 40.503333333, -3.346666667 40.504166667))",
            "POLYGON ((-3.350833333 40.503333333, -3.35 40.503333333, -3.35 40.5025, -3.350833333 40.5025, -3.350833333 40.503333333))",
            "POLYGON ((-3.3475 40.503333333, -3.346666667 40.503333333, -3.346666667 40.5025, -3.3475 40.5025, -3.3475 40.503333333))",
            "POLYGON ((-3.341666667 40.503333333, -3.340833333 40.503333333, -3.340833333 40.5025, -3.341666667 40.5025, -3.341666667 40.503333333))",
            "POLYGON ((-3.340833333 40.503333333, -3.34 40.503333333, -3.34 40.5025, -3.340833333 40.5025, -3.340833333 40.503333333))",
            "POLYGON ((-3.3425 40.5025, -3.341666667 40.5025, -3.341666667 40.501666667, -3.3425 40.501666667, -3.3425 40.5025))",
            "POLYGON ((-3.346666667 40.501666667, -3.345833333 40.501666667, -3.345833333 40.500833333, -3.346666667 40.500833333, -3.346666667 40.501666667))"
        ]
    ],
    [
        595,
        [
            "POLYGON ((-3.345 40.504166667, -3.344166667 40.504166667, -3.344166667 40.503333333, -3.345 40.503333333, -3.345 40.504166667))",
            "POLYGON ((-3.344166667 40.504166667, -3.343333333 40.504166667, -3.343333333 40.503333333, -3.344166667 40.503333333, -3.344166667 40.504166667))",
            "POLYGON ((-3.343333333 40.504166667, -3.3425 40.504166667, -3.3425 40.503333333, -3.343333333 40.503333333, -3.343333333 40.504166667))",
            "POLYGON ((-3.3425 40.504166667, -3.341666667 40.504166667, -3.341666667 40.503333333, -3.3425 40.503333333, -3.3425 40.504166667))",
            "POLYGON ((-3.35 40.503333333, -3.349166667 40.503333333, -3.349166667 40.5025, -3.35 40.5025, -3.35 40.503333333))",
            "POLYGON ((-3.3425 40.503333333, -3.341666667 40.503333333, -3.341666667 40.5025, -3.3425 40.5025, -3.3425 40.503333333))",
            "POLYGON ((-3.3475 40.5025, -3.346666667 40.5025, -3.346666667 40.501666667, -3.3475 40.501666667, -3.3475 40.5025))",
            "POLYGON ((-3.344166667 40.5025, -3.343333333 40.5025, -3.343333333 40.501666667, -3.344166667 40.501666667, -3.344166667 40.5025))",
            "POLYGON ((-3.341666667 40.501666667, -3.340833333 40.501666667, -3.340833333 40.500833333, -3.341666667 40.500833333, -3.341666667 40.501666667))",
            "POLYGON ((-3.350833333 40.500833333, -3.35 40.500833333, -3.35 40.5, -3.350833333 40.5, -3.350833333 40.500833333))",
            "POLYGON ((-3.348333333 40.500833333, -3.3475 40.500833333, -3.3475 40.5, -3.348333333 40.5, -3.348333333 40.500833333))",
            "POLYGON ((-3.340833333 40.500833333, -3.34 40.500833333, -3.34 40.5, -3.340833333 40.5, -3.340833333 40.500833333))",
            "POLYGON ((-3.3525 40.5, -3.351666667 40.5, -3.351666667 40.499166667, -3.3525 40.499166667, -3.3525 40.5))",
            "POLYGON ((-3.3475 40.5, -3.346666667 40.5, -3.346666667 40.499166667, -3.3475 40.499166667, -3.3475 40.5))",
            "POLYGON ((-3.344166667 40.5, -3.343333333 40.5, -3.343333333 40.499166667, -3.344166667 40.499166667, -3.344166667 40.5))",
            "POLYGON ((-3.3425 40.5, -3.341666667 40.5, -3.341666667 40.499166667, -3.3425 40.499166667, -3.3425 40.5))",
            "POLYGON ((-3.340833333 40.499166667, -3.34 40.499166667, -3.34 40.498333333, -3.340833333 40.498333333, -3.340833333 40.499166667))",
            "POLYGON ((-3.350833333 40.498333333, -3.35 40.498333333, -3.35 40.4975, -3.350833333 40.4975, -3.350833333 40.498333333))",
            "POLYGON ((-3.35 40.498333333, -3.349166667 40.498333333, -3.349166667 40.4975, -3.35 40.4975, -3.35 40.498333333))",
            "POLYGON ((-3.343333333 40.498333333, -3.3425 40.498333333, -3.3425 40.4975, -3.343333333 40.4975, -3.343333333 40.498333333))",
            "POLYGON ((-3.340833333 40.498333333, -3.34 40.498333333, -3.34 40.4975, -3.340833333 40.4975, -3.340833333 40.498333333))",
            "POLYGON ((-3.349166667 40.4975, -3.348333333 40.4975, -3.348333333 40.496666667, -3.349166667 40.496666667, -3.349166667 40.4975))",
            "POLYGON ((-3.3475 40.4975, -3.346666667 40.4975, -3.346666667 40.496666667, -3.3475 40.496666667, -3.3475 40.4975))",
            "POLYGON ((-3.345 40.4975, -3.344166667 40.4975, -3.344166667 40.496666667, -3.345 40.496666667, -3.345 40.4975))",
            "POLYGON ((-3.343333333 40.4975, -3.3425 40.4975, -3.3425 40.496666667, -3.343333333 40.496666667, -3.343333333 40.4975))",
            "POLYGON ((-3.350833333 40.496666667, -3.35 40.496666667, -3.35 40.495833333, -3.350833333 40.495833333, -3.350833333 40.496666667))",
            "POLYGON ((-3.346666667 40.496666667, -3.345833333 40.496666667, -3.345833333 40.495833333, -3.346666667 40.495833333, -3.346666667 40.496666667))",
            "POLYGON ((-3.343333333 40.496666667, -3.3425 40.496666667, -3.3425 40.495833333, -3.343333333 40.495833333, -3.343333333 40.496666667))",
            "POLYGON ((-3.340833333 40.496666667, -3.34 40.496666667, -3.34 40.495833333, -3.340833333 40.495833333, -3.340833333 40.496666667))",
            "POLYGON ((-3.3475 40.495833333, -3.346666667 40.495833333, -3.346666667 40.495, -3.3475 40.495, -3.3475 40.495833333))"
        ]
    ],
    [
        594,
        [
            "POLYGON ((-3.341666667 40.504166667, -3.340833333 40.504166667, -3.340833333 40.503333333, -3.341666667 40.503333333, -3.341666667 40.504166667))",
            "POLYGON ((-3.340833333 40.504166667, -3.34 40.504166667, -3.34 40.503333333, -3.340833333 40.503333333, -3.340833333 40.504166667))",
            "POLYGON ((-3.344166667 40.503333333, -3.343333333 40.503333333, -3.343333333 40.5025, -3.344166667 40.5025, -3.344166667 40.503333333))",
            "POLYGON ((-3.35 40.5025, -3.349166667 40.5025, -3.349166667 40.501666667, -3.35 40.501666667, -3.35 40.5025))",
            "POLYGON ((-3.350833333 40.501666667, -3.35 40.501666667, -3.35 40.500833333, -3.350833333 40.500833333, -3.350833333 40.501666667))",
            "POLYGON ((-3.35 40.501666667, -3.349166667 40.501666667, -3.349166667 40.500833333, -3.35 40.500833333, -3.35 40.501666667))",
            "POLYGON ((-3.351666667 40.500833333, -3.350833333 40.500833333, -3.350833333 40.5, -3.351666667 40.5, -3.351666667 40.500833333))",
            "POLYGON ((-3.344166667 40.500833333, -3.343333333 40.500833333, -3.343333333 40.5, -3.344166667 40.5, -3.344166667 40.500833333))",
            "POLYGON ((-3.3425 40.500833333, -3.341666667 40.500833333, -3.341666667 40.5, -3.3425 40.5, -3.3425 40.500833333))",
            "POLYGON ((-3.351666667 40.5, -3.350833333 40.5, -3.350833333 40.499166667, -3.351666667 40.499166667, -3.351666667 40.5))",
            "POLYGON ((-3.345 40.5, -3.344166667 40.5, -3.344166667 40.499166667, -3.345 40.499166667, -3.345 40.5))",
            "POLYGON ((-3.3525 40.499166667, -3.351666667 40.499166667, -3.351666667 40.498333333, -3.3525 40.498333333, -3.3525 40.499166667))",
            "POLYGON ((-3.350833333 40.499166667, -3.35 40.499166667, -3.35 40.498333333, -3.350833333 40.498333333, -3.350833333 40.499166667))",
            "POLYGON ((-3.35 40.499166667, -3.349166667 40.499166667, -3.349166667 40.498333333, -3.35 40.498333333, -3.35 40.499166667))",
            "POLYGON ((-3.346666667 40.499166667, -3.345833333 40.499166667, -3.345833333 40.498333333, -3.346666667 40.498333333, -3.346666667 40.499166667))",
            "POLYGON ((-3.3475 40.498333333, -3.346666667 40.498333333, -3.346666667 40.4975, -3.3475 40.4975, -3.3475 40.498333333))",
            "POLYGON ((-3.345 40.498333333, -3.344166667 40.498333333, -3.344166667 40.4975, -3.345 40.4975, -3.345 40.498333333))",
            "POLYGON ((-3.344166667 40.498333333, -3.343333333 40.498333333, -3.343333333 40.4975, -3.344166667 40.4975, -3.344166667 40.498333333))",
            "POLYGON ((-3.3425 40.498333333, -3.341666667 40.498333333, -3.341666667 40.4975, -3.3425 40.4975, -3.3425 40.498333333))",
            "POLYGON ((-3.351666667 40.4975, -3.350833333 40.4975, -3.350833333 40.496666667, -3.351666667 40.496666667, -3.351666667 40.4975))",
            "POLYGON ((-3.350833333 40.4975, -3.35 40.4975, -3.35 40.496666667, -3.350833333 40.496666667, -3.350833333 40.4975))",
            "POLYGON ((-3.345833333 40.4975, -3.345 40.4975, -3.345 40.496666667, -3.345833333 40.496666667, -3.345833333 40.4975))",
            "POLYGON ((-3.344166667 40.4975, -3.343333333 40.4975, -3.343333333 40.496666667, -3.344166667 40.496666667, -3.344166667 40.4975))",
            "POLYGON ((-3.3425 40.4975, -3.341666667 40.4975, -3.341666667 40.496666667, -3.3425 40.496666667, -3.3425 40.4975))",
            "POLYGON ((-3.341666667 40.4975, -3.340833333 40.4975, -3.340833333 40.496666667, -3.341666667 40.496666667, -3.341666667 40.4975))",
            "POLYGON ((-3.340833333 40.4975, -3.34 40.4975, -3.34 40.496666667, -3.340833333 40.496666667, -3.340833333 40.4975))",
            "POLYGON ((-3.3525 40.496666667, -3.351666667 40.496666667, -3.351666667 40.495833333, -3.3525 40.495833333, -3.3525 40.496666667))",
            "POLYGON ((-3.349166667 40.496666667, -3.348333333 40.496666667, -3.348333333 40.495833333, -3.349166667 40.495833333, -3.349166667 40.496666667))",
            "POLYGON ((-3.3475 40.496666667, -3.346666667 40.496666667, -3.346666667 40.495833333, -3.3475 40.495833333, -3.3475 40.496666667))",
            "POLYGON ((-3.349166667 40.495833333, -3.348333333 40.495833333, -3.348333333 40.495, -3.349166667 40.495, -3.349166667 40.495833333))",
            "POLYGON ((-3.348333333 40.495833333, -3.3475 40.495833333, -3.3475 40.495, -3.348333333 40.495, -3.348333333 40.495833333))",
            "POLYGON ((-3.345833333 40.495833333, -3.345 40.495833333, -3.345 40.495, -3.345833333 40.495, -3.345833333 40.495833333))",
            "POLYGON ((-3.341666667 40.495833333, -3.340833333 40.495833333, -3.340833333 40.495, -3.341666667 40.495, -3.341666667 40.495833333))"
        ]
    ],
    [
        606,
        [
            "POLYGON ((-3.3525 40.503333333, -3.351666667 40.503333333, -3.351666667 40.5025, -3.3525 40.5025, -3.3525 40.503333333))"
        ]
    ],
    [
        596,
        [
            "POLYGON ((-3.349166667 40.503333333, -3.348333333 40.503333333, -3.348333333 40.5025, -3.349166667 40.5025, -3.349166667 40.503333333))",
            "POLYGON ((-3.345 40.503333333, -3.344166667 40.503333333, -3.344166667 40.5025, -3.345 40.5025, -3.345 40.503333333))",
            "POLYGON ((-3.349166667 40.5025, -3.348333333 40.5025, -3.348333333 40.501666667, -3.349166667 40.501666667, -3.349166667 40.5025))",
            "POLYGON ((-3.348333333 40.5025, -3.3475 40.5025, -3.3475 40.501666667, -3.348333333 40.501666667, -3.348333333 40.5025))",
            "POLYGON ((-3.343333333 40.5025, -3.3425 40.5025, -3.3425 40.501666667, -3.343333333 40.501666667, -3.343333333 40.5025))",
            "POLYGON ((-3.349166667 40.501666667, -3.348333333 40.501666667, -3.348333333 40.500833333, -3.349166667 40.500833333, -3.349166667 40.501666667))",
            "POLYGON ((-3.3525 40.500833333, -3.351666667 40.500833333, -3.351666667 40.5, -3.3525 40.5, -3.3525 40.500833333))",
            "POLYGON ((-3.3475 40.500833333, -3.346666667 40.500833333, -3.346666667 40.5, -3.3475 40.5, -3.3475 40.500833333))",
            "POLYGON ((-3.345 40.500833333, -3.344166667 40.500833333, -3.344166667 40.5, -3.345 40.5, -3.345 40.500833333))",
            "POLYGON ((-3.343333333 40.500833333, -3.3425 40.500833333, -3.3425 40.5, -3.343333333 40.5, -3.343333333 40.500833333))",
            "POLYGON ((-3.343333333 40.5, -3.3425 40.5, -3.3425 40.499166667, -3.343333333 40.499166667, -3.343333333 40.5))",
            "POLYGON ((-3.343333333 40.499166667, -3.3425 40.499166667, -3.3425 40.498333333, -3.343333333 40.498333333, -3.343333333 40.499166667))",
            "POLYGON ((-3.341666667 40.499166667, -3.340833333 40.499166667, -3.340833333 40.498333333, -3.341666667 40.498333333, -3.341666667 40.499166667))",
            "POLYGON ((-3.35 40.4975, -3.349166667 40.4975, -3.349166667 40.496666667, -3.35 40.496666667, -3.35 40.4975))",
            "POLYGON ((-3.348333333 40.4975, -3.3475 40.4975, -3.3475 40.496666667, -3.348333333 40.496666667, -3.348333333 40.4975))",
            "POLYGON ((-3.351666667 40.496666667, -3.350833333 40.496666667, -3.350833333 40.495833333, -3.351666667 40.495833333, -3.351666667 40.496666667))",
            "POLYGON ((-3.35 40.496666667, -3.349166667 40.496666667, -3.349166667 40.495833333, -3.35 40.495833333, -3.35 40.496666667))",
            "POLYGON ((-3.345833333 40.496666667, -3.345 40.496666667, -3.345 40.495833333, -3.345833333 40.495833333, -3.345833333 40.496666667))",
            "POLYGON ((-3.3425 40.496666667, -3.341666667 40.496666667, -3.341666667 40.495833333, -3.3425 40.495833333, -3.3425 40.496666667))",
            "POLYGON ((-3.341666667 40.496666667, -3.340833333 40.496666667, -3.340833333 40.495833333, -3.341666667 40.495833333, -3.341666667 40.496666667))"
        ]
    ],
    [
        597,
        [
            "POLYGON ((-3.343333333 40.503333333, -3.3425 40.503333333, -3.3425 40.5025, -3.343333333 40.5025, -3.343333333 40.503333333))",
            "POLYGON ((-3.350833333 40.5025, -3.35 40.5025, -3.35 40.501666667, -3.350833333 40.501666667, -3.350833333 40.5025))",
            "POLYGON ((-3.345833333 40.5025, -3.345 40.5025, -3.345 40.501666667, -3.345833333 40.501666667, -3.345833333 40.5025))",
            "POLYGON ((-3.351666667 40.501666667, -3.350833333 40.501666667, -3.350833333 40.500833333, -3.351666667 40.500833333, -3.351666667 40.501666667))",
            "POLYGON ((-3.348333333 40.501666667, -3.3475 40.501666667, -3.3475 40.500833333, -3.348333333 40.500833333, -3.348333333 40.501666667))",
            "POLYGON ((-3.3475 40.501666667, -3.346666667 40.501666667, -3.346666667 40.500833333, -3.3475 40.500833333, -3.3475 40.501666667))",
            "POLYGON ((-3.345 40.501666667, -3.344166667 40.501666667, -3.344166667 40.500833333, -3.345 40.500833333, -3.345 40.501666667))",
            "POLYGON ((-3.344166667 40.501666667, -3.343333333 40.501666667, -3.343333333 40.500833333, -3.344166667 40.500833333, -3.344166667 40.501666667))",
            "POLYGON ((-3.343333333 40.501666667, -3.3425 40.501666667, -3.3425 40.500833333, -3.343333333 40.500833333, -3.343333333 40.501666667))",
            "POLYGON ((-3.346666667 40.500833333, -3.345833333 40.500833333, -3.345833333 40.5, -3.346666667 40.5, -3.346666667 40.500833333))",
            "POLYGON ((-3.346666667 40.5, -3.345833333 40.5, -3.345833333 40.499166667, -3.346666667 40.499166667, -3.346666667 40.5))",
            "POLYGON ((-3.341666667 40.5, -3.340833333 40.5, -3.340833333 40.499166667, -3.341666667 40.499166667, -3.341666667 40.5))",
            "POLYGON ((-3.340833333 40.5, -3.34 40.5, -3.34 40.499166667, -3.340833333 40.499166667, -3.340833333 40.5))",
            "POLYGON ((-3.345833333 40.499166667, -3.345 40.499166667, -3.345 40.498333333, -3.345833333 40.498333333, -3.345833333 40.499166667))",
            "POLYGON ((-3.3425 40.499166667, -3.341666667 40.499166667, -3.341666667 40.498333333, -3.3425 40.498333333, -3.3425 40.499166667))"
        ]
    ],
    [
        604,
        [
            "POLYGON ((-3.3525 40.5025, -3.351666667 40.5025, -3.351666667 40.501666667, -3.3525 40.501666667, -3.3525 40.5025))"
        ]
    ],
    [
        602,
        [
            "POLYGON ((-3.351666667 40.5025, -3.350833333 40.5025, -3.350833333 40.501666667, -3.351666667 40.501666667, -3.351666667 40.5025))"
        ]
    ],
    [
        593,
        [
            "POLYGON ((-3.345 40.5025, -3.344166667 40.5025, -3.344166667 40.501666667, -3.345 40.501666667, -3.345 40.5025))",
            "POLYGON ((-3.3425 40.501666667, -3.341666667 40.501666667, -3.341666667 40.500833333, -3.3425 40.500833333, -3.3425 40.501666667))",
            "POLYGON ((-3.341666667 40.500833333, -3.340833333 40.500833333, -3.340833333 40.5, -3.341666667 40.5, -3.341666667 40.500833333))",
            "POLYGON ((-3.350833333 40.5, -3.35 40.5, -3.35 40.499166667, -3.350833333 40.499166667, -3.350833333 40.5))",
            "POLYGON ((-3.351666667 40.499166667, -3.350833333 40.499166667, -3.350833333 40.498333333, -3.351666667 40.498333333, -3.351666667 40.499166667))",
            "POLYGON ((-3.348333333 40.499166667, -3.3475 40.499166667, -3.3475 40.498333333, -3.348333333 40.498333333, -3.348333333 40.499166667))",
            "POLYGON ((-3.344166667 40.499166667, -3.343333333 40.499166667, -3.343333333 40.498333333, -3.344166667 40.498333333, -3.344166667 40.499166667))",
            "POLYGON ((-3.351666667 40.498333333, -3.350833333 40.498333333, -3.350833333 40.4975, -3.351666667 40.4975, -3.351666667 40.498333333))",
            "POLYGON ((-3.348333333 40.498333333, -3.3475 40.498333333, -3.3475 40.4975, -3.348333333 40.4975, -3.348333333 40.498333333))",
            "POLYGON ((-3.346666667 40.498333333, -3.345833333 40.498333333, -3.345833333 40.4975, -3.346666667 40.4975, -3.346666667 40.498333333))",
            "POLYGON ((-3.345833333 40.498333333, -3.345 40.498333333, -3.345 40.4975, -3.345833333 40.4975, -3.345833333 40.498333333))",
            "POLYGON ((-3.341666667 40.498333333, -3.340833333 40.498333333, -3.340833333 40.4975, -3.341666667 40.4975, -3.341666667 40.498333333))",
            "POLYGON ((-3.3525 40.4975, -3.351666667 40.4975, -3.351666667 40.496666667, -3.3525 40.496666667, -3.3525 40.4975))",
            "POLYGON ((-3.346666667 40.4975, -3.345833333 40.4975, -3.345833333 40.496666667, -3.346666667 40.496666667, -3.346666667 40.4975))",
            "POLYGON ((-3.348333333 40.496666667, -3.3475 40.496666667, -3.3475 40.495833333, -3.348333333 40.495833333, -3.348333333 40.496666667))",
            "POLYGON ((-3.345 40.496666667, -3.344166667 40.496666667, -3.344166667 40.495833333, -3.345 40.495833333, -3.345 40.496666667))",
            "POLYGON ((-3.344166667 40.496666667, -3.343333333 40.496666667, -3.343333333 40.495833333, -3.344166667 40.495833333, -3.344166667 40.496666667))",
            "POLYGON ((-3.350833333 40.495833333, -3.35 40.495833333, -3.35 40.495, -3.350833333 40.495, -3.350833333 40.495833333))",
            "POLYGON ((-3.35 40.495833333, -3.349166667 40.495833333, -3.349166667 40.495, -3.35 40.495, -3.35 40.495833333))",
            "POLYGON ((-3.346666667 40.495833333, -3.345833333 40.495833333, -3.345833333 40.495, -3.346666667 40.495, -3.346666667 40.495833333))",
            "POLYGON ((-3.345 40.495833333, -3.344166667 40.495833333, -3.344166667 40.495, -3.345 40.495, -3.345 40.495833333))",
            "POLYGON ((-3.344166667 40.495833333, -3.343333333 40.495833333, -3.343333333 40.495, -3.344166667 40.495, -3.344166667 40.495833333))",
            "POLYGON ((-3.3425 40.495833333, -3.341666667 40.495833333, -3.341666667 40.495, -3.3425 40.495, -3.3425 40.495833333))",
            "POLYGON ((-3.340833333 40.495833333, -3.34 40.495833333, -3.34 40.495, -3.340833333 40.495, -3.340833333 40.495833333))"
        ]
    ],
    [
        600,
        [
            "POLYGON ((-3.340833333 40.5025, -3.34 40.5025, -3.34 40.501666667, -3.340833333 40.501666667, -3.340833333 40.5025))",
            "POLYGON ((-3.340833333 40.501666667, -3.34 40.501666667, -3.34 40.500833333, -3.340833333 40.500833333, -3.340833333 40.501666667))",
            "POLYGON ((-3.345833333 40.500833333, -3.345 40.500833333, -3.345 40.5, -3.345833333 40.5, -3.345833333 40.500833333))"
        ]
    ],
    [
        592,
        [
            "POLYGON ((-3.35 40.500833333, -3.349166667 40.500833333, -3.349166667 40.5, -3.35 40.5, -3.35 40.500833333))",
            "POLYGON ((-3.349166667 40.500833333, -3.348333333 40.500833333, -3.348333333 40.5, -3.349166667 40.5, -3.349166667 40.500833333))",
            "POLYGON ((-3.349166667 40.499166667, -3.348333333 40.499166667, -3.348333333 40.498333333, -3.349166667 40.498333333, -3.349166667 40.499166667))",
            "POLYGON ((-3.3475 40.499166667, -3.346666667 40.499166667, -3.346666667 40.498333333, -3.3475 40.498333333, -3.3475 40.499166667))",
            "POLYGON ((-3.345 40.499166667, -3.344166667 40.499166667, -3.344166667 40.498333333, -3.345 40.498333333, -3.345 40.499166667))",
            "POLYGON ((-3.349166667 40.498333333, -3.348333333 40.498333333, -3.348333333 40.4975, -3.349166667 40.4975, -3.349166667 40.498333333))",
            "POLYGON ((-3.3525 40.495833333, -3.351666667 40.495833333, -3.351666667 40.495, -3.3525 40.495, -3.3525 40.495833333))",
            "POLYGON ((-3.351666667 40.495833333, -3.350833333 40.495833333, -3.350833333 40.495, -3.351666667 40.495, -3.351666667 40.495833333))"
        ]
    ],
    [
        591,
        [
            "POLYGON ((-3.35 40.5, -3.349166667 40.5, -3.349166667 40.499166667, -3.35 40.499166667, -3.35 40.5))",
            "POLYGON ((-3.348333333 40.5, -3.3475 40.5, -3.3475 40.499166667, -3.348333333 40.499166667, -3.348333333 40.5))",
            "POLYGON ((-3.3525 40.498333333, -3.351666667 40.498333333, -3.351666667 40.4975, -3.3525 40.4975, -3.3525 40.498333333))",
            "POLYGON ((-3.343333333 40.495833333, -3.3425 40.495833333, -3.3425 40.495, -3.343333333 40.495, -3.343333333 40.495833333))"
        ]
    ],
    [
        589,
        [
            "POLYGON ((-3.349166667 40.5, -3.348333333 40.5, -3.348333333 40.499166667, -3.349166667 40.499166667, -3.349166667 40.5))"
        ]
    ]
]